n=16
J=0.707107
eta=0
mu=0.37931
beta-optimal=2.6

