n=16
J=0.707107
eta=0
mu=0.62069
beta-optimal=1.6

