n=16
J=0.707107
eta=0
mu=0.103448
beta-optimal=11.5

