n=16
J=0.707107
eta=0
mu=0.0689655
beta-optimal=17.9

