n=16
J=0.707107
eta=0
mu=0.310345
beta-optimal=3.2

