n=16
J=0.707107
eta=0
mu=0.172414
beta-optimal=6.2

