n=16
J=0.707107
eta=0
mu=0.0344828
beta-optimal=92.3

