n=16
J=0.707107
eta=0
mu=0.482759
beta-optimal=2.05

