n=16
J=0.707107
eta=0
mu=0.275862
beta-optimal=3.65

