n=16
J=0.707107
eta=0
mu=0.137931
beta-optimal=8.1

