n=16
J=0.707107
eta=0
mu=0.206897
beta-optimal=5

