n=16
J=0.707107
eta=0
mu=0.241379
beta-optimal=4.2

