n=32
J=0.707107
eta=0.936709
mu=0
beta-optimal=0
max-overlap=0
-1.10159
