n=32
J=0.707107
eta=0.607595
mu=0
beta-optimal=0
max-overlap=0
-1.10619
