n=32
J=0.707107
eta=0.506329
mu=0.0962025
beta-optimal=0
max-overlap=0
-1.36496
