n=32
J=0.707107
eta=0.987342
mu=0.00253165
beta-optimal=0
max-overlap=0
-1.08732
