n=32
J=0.707107
eta=0.962025
mu=0.00759494
beta-optimal=0
max-overlap=0
-1.07164
