n=32
J=0.707107
eta=1.51899
mu=0.139241
beta-optimal=0
max-overlap=0
-1.8593
