n=32
J=0.707107
eta=1.67089
mu=0.162025
beta-optimal=0
max-overlap=0
-2.06062
