n=32
J=0.707107
eta=1.11392
mu=0.0860759
beta-optimal=0
max-overlap=0
-1.37291
