n=32
J=0.707107
eta=1.11392
mu=0.043038
beta-optimal=0
max-overlap=0
-1.27901
