n=32
J=0.707107
eta=1.72152
mu=0.111392
beta-optimal=0
max-overlap=0
-1.98797
