n=32
J=0.707107
eta=1.34177
mu=0.0658228
beta-optimal=0
max-overlap=0
-1.52111
