n=32
J=0.707107
eta=1.24051
mu=0.141772
beta-optimal=0
max-overlap=0
-1.69373
