n=32
J=0.707107
eta=1.39241
mu=0.121519
beta-optimal=0
max-overlap=0
-1.69571
