n=32
J=0.707107
eta=1.5443
mu=0.0987342
beta-optimal=0
max-overlap=0
-1.78561
