n=32
J=0.707107
eta=1.89873
mu=0.124051
beta-optimal=0
max-overlap=0
-2.19102
