n=32
J=0.707107
eta=1.03797
mu=0.0227848
beta-optimal=0
max-overlap=0
-1.12035
