n=32
J=0.707107
eta=1.74684
mu=0.0962025
beta-optimal=0
max-overlap=0
-1.98752
