n=32
J=0.707107
eta=1.79747
mu=0
beta-optimal=0
max-overlap=0
-1.9994
