n=32
J=0.707107
eta=1.26582
mu=0.146835
beta-optimal=0
max-overlap=0
-1.73216
