n=32
J=0.707107
eta=1.16456
mu=0.0278481
beta-optimal=0
max-overlap=0
-1.30548
