n=32
J=0.707107
eta=1.11392
mu=0.106329
beta-optimal=0
max-overlap=0
-1.46829
