n=32
J=0.707107
eta=1.59494
mu=0.113924
beta-optimal=0
max-overlap=0
-1.86936
