n=32
J=0.707107
eta=1.6962
mu=0.0936709
beta-optimal=0
max-overlap=0
-1.93099
