n=32
J=0.707107
eta=1.21519
mu=0.0860759
beta-optimal=0
max-overlap=0
-1.44638
