n=32
J=0.707107
eta=1.18987
mu=0.0683544
beta-optimal=0
max-overlap=0
-1.34428
