n=32
J=0.707107
eta=1.08861
mu=0.0481013
beta-optimal=0
max-overlap=0
-1.22895
