n=32
J=0.707107
eta=1.41772
mu=0.103797
beta-optimal=0
max-overlap=0
-1.69513
