n=32
J=0.707107
eta=1.97468
mu=0.00253165
beta-optimal=0
max-overlap=0
-2.19795
