n=32
J=0.707107
eta=1.77215
mu=0.0987342
beta-optimal=0
max-overlap=0
-2.01771
