n=32
J=0.707107
eta=1.46835
mu=0.101266
beta-optimal=0
max-overlap=0
-1.71717
