n=32
J=0.707107
eta=1.72152
mu=0.106329
beta-optimal=0
max-overlap=0
-1.97798
