n=32
J=0.707107
eta=1.24051
mu=0.0734177
beta-optimal=0
max-overlap=0
-1.43417
