n=32
J=0.707107
eta=1.13924
mu=0.0303797
beta-optimal=0
max-overlap=0
-1.23161
