n=32
J=0.707107
eta=1.67089
mu=0.108861
beta-optimal=0
max-overlap=0
-1.93233
