n=32
J=0.707107
eta=1.08861
mu=0.0379747
beta-optimal=0
max-overlap=0
-1.24684
