n=32
J=0.707107
eta=1
mu=0.177215
beta-optimal=0
max-overlap=0
-1.83635
