n=32
J=0.707107
eta=1.16456
mu=0.0708861
beta-optimal=0
max-overlap=0
-1.37236
