n=32
J=0.707107
eta=1.97468
mu=0.118987
beta-optimal=0
max-overlap=0
-2.25979
