n=32
J=0.707107
eta=1.5443
mu=0.108861
beta-optimal=0
max-overlap=0
-1.8084
