n=32
J=0.707107
eta=1.94937
mu=0.124051
beta-optimal=0
max-overlap=0
-2.2424
