n=32
J=0.707107
eta=1.82278
mu=0
beta-optimal=0
max-overlap=0
-2.02775
