n=32
J=0.707107
eta=1.21519
mu=0.0759494
beta-optimal=0
max-overlap=0
-1.43248
