n=32
J=0.707107
eta=1.01266
mu=0.0202532
beta-optimal=0
max-overlap=0
-1.1508
