n=32
J=0.707107
eta=2
mu=0.146835
beta-optimal=0
max-overlap=0
-2.34121
