n=32
J=0.707107
eta=2
mu=0.144304
beta-optimal=0
max-overlap=0
-2.33532
