n=32
J=0.707107
eta=2
mu=0.00759494
beta-optimal=0
max-overlap=0
-2.22678
