n=32
J=0.707107
eta=2
mu=0.136709
beta-optimal=0
max-overlap=0
-2.31841
